total-time=34.61506390571594
procedure-time=34.579025745391846
encoding-time=18.0978422164917
solver-time=15.540149688720703
mc-time=0.007959842681884766
iterations=27
model-building-time=0.6172590255737305
nr-mc-calls=1
