total-time=14.160631895065308
procedure-time=14.144089698791504
encoding-time=9.892419338226318
solver-time=3.1740708351135254
mc-time=0.0026161670684814453
iterations=17
model-building-time=0.7971909046173096
nr-mc-calls=1
